1001 103 16
1001 103 17
1001 103 18
1001 104 19
1001 104 20
1001 104 21
1001 104 22
1001 104 23
1001 104 24
1001 105 25
1001 105 26
1001 105 27
1001 105 28
1001 105 29
1001 105 30
1002 106 31
1002 106 32
1002 106 33
1002 106 34
1002 106 35
1002 106 36
1002 107 37
1002 107 38
1002 107 39
1002 107 40
1002 107 41
1002 107 42
1002 108 43
1002 108 44
1002 108 45
1002 108 46
1002 108 47
1002 108 48
1002 109 49
1002 109 50
1002 109 51
1002 109 52
1002 109 53
1002 109 54
1002 110 55
1002 110 56
1002 110 57
1002 110 58
1002 110 59
1002 110 60
1003 111 61
1003 111 62
1003 111 63
1003 111 64
1003 111 65
1003 111 66
1003 112 67
1003 112 68
1003 112 69
1003 112 70
1003 112 71
1003 112 72
1003 113 73
1003 113 74
1003 113 75
1003 113 76
1003 113 77
